1648226041127618
1648226041271810
1648226041479607
1648226043489002
1648226045176355
1648226045319480
1648226045535681
1648226045719546
1648226045912316
1648226046087577
1648226047233721
1648226048822663
1648226048998981
1648226049160128
1648226049383389
1648226049551489
1648226049727399
1648226049870923
1648226050408113
1648226050430243
1648226053559718
1648226053655380
1648226054663681
1648226054664307
1648226054664618
1648226054664796
1648226055703113
1648226055838891
1648226056519407
1648226056679299
1648226056823626
1648226057070734
1648226057328408
1648226059312002
1648226062494299
1648226062655744
1648226062815449
1648226062951356
1648226063087173
1648226065071895
1648226065073281
1648226065073382
1648226065073552
1648226065249546
1648226065251020
1648226065251020
1648226068511157
1648226068815250
1648226069918773
1648226070151632
1648226070302410
1648226070583259
1648226070823191
1648226072255419
1648226072655496
1648226072800155
1648226072886971
1648226073023023
1648226073166879
1648226073286705
1648226075327529
1648226075591177
1648226075959290
1648226076159449
1648226076271539
1648226076911123
1648226077446852
1648226077631137
1648226077662454
1648226077823092
1648226077951037
1648226078055431
1648226078494899
1648226078774812
1648226078879021
1648226078974930
1648226080543805
1648226080547969
1648226084310365
1648226084422147
1648226084742448
1648226084878290
1648226085071923
1648226085270810
1648226085494748
1648226085726932
1648226085927247
1648226087982288
1648226088319727
1648226088530582
1648226088703142
1648226088806757
1648226089119167
1648226089862285
1648226090030745
1648226090191072
1648226090343019
1648226090535372
1648226092631771
1648226092632121
1648226106824659
1648226106999301
1648226107272909
1648226107799779
1648226108079215
1648226108343464
1648226108504183
1648226108879215
1648226110135324
1648226110326366
1648226110422348
1648226110591214
1648226110799246
1648226111983746
1648226111984853
1648226115263260
1648226115471899
1648226115614813
1648226115735475
1648226116778863
