1648226040422518
1648226040566446
1648226040774317
1648226042782242
1648226044470394
1648226044614322
1648226044830328
1648226045014370
1648226045207247
1648226045382244
1648226046526399
1648226048117515
1648226048293830
1648226048454045
1648226048678311
1648226048846360
1648226049022212
1648226049165712
1648226049702414
1648226052854312
1648226052950166
1648226053958001
1648226054997995
1648226055133752
1648226055814226
1648226055974159
1648226056118099
1648226056365491
1648226056621850
1648226058606065
1648226061789463
1648226061950380
1648226062109424
1648226062246453
1648226062382169
1648226064366399
1648226067806103
1648226068110131
1648226069213822
1648226069445937
1648226069597915
1648226069877983
1648226070118188
1648226071550318
1648226071950304
1648226072095146
1648226072182161
1648226072317901
1648226072461799
1648226072581799
1648226074622391
1648226074885926
1648226075254281
1648226075454316
1648226075566132
1648226076205912
1648226076742157
1648226076926090
1648226076957824
1648226077118102
1648226077246122
1648226077350095
1648226077789934
1648226078069522
1648226078174180
1648226078269996
1648226079838147
1648226083605199
1648226083717193
1648226084037305
1648226084173256
1648226084365591
1648226084566171
1648226084790035
1648226085021785
1648226085221932
1648226087277331
1648226087614367
1648226087822275
1648226087998164
1648226088101797
1648226088414085
1648226089157371
1648226089325886
1648226089485893
1648226089637970
1648226089830153
1648226091926230
1648226106118081
1648226106294078
1648226106566143
1648226107094114
1648226107373941
1648226107637939
1648226107798083
1648226108174059
1648226109429919
1648226109621000
1648226109717095
1648226109885235
1648226110094031
1648226111278070
1648226114558008
1648226114765731
1648226114909796
1648226115029815
1648226116069924
